TITLE
order parameter restraints specification
data from Hall and Fushman J. Biomol. NMR 27 (2003) 261
END
ORDERPARAMRESSPEC
# DISH  DISC
  0.1   0.13
# i  j  k  l  type    i  j  k  l  type   RN    S0    DS0    WOPR
 24  0  0  0  0      25  0  0  0  0      0.1   0.83  0.05    1.0
 42  0  0  0  0      43  0  0  0  0      0.1   0.87  0.05    1.0
 55  0  0  0  0      56  0  0  0  0      0.1   0.88  0.05    1.0
 64  0  0  0  0      65  0  0  0  0      0.1   0.87  0.05    1.0
 72  0  0  0  0      73  0  0  0  0      0.1   0.82  0.05    1.0
 81  0  0  0  0      82  0  0  0  0      0.1   0.85  0.05    1.0
 92  0  0  0  0      93  0  0  0  0      0.1   0.84  0.05    1.0
 97  0  0  0  0      98  0  0  0  0      0.1   0.80  0.05    1.0
110  0  0  0  0     111  0  0  0  0      0.1   0.76  0.05    1.0
119  0  0  0  0     120  0  0  0  0      0.1   0.62  0.05    1.0
128  0  0  0  0     129  0  0  0  0      0.1   0.77  0.05    1.0
141  0  0  0  0     142  0  0  0  0      0.1   0.74  0.05    1.0
156  0  0  0  0     157  0  0  0  0      0.1   0.84  0.05    1.0
165  0  0  0  0     166  0  0  0  0      0.1   0.80  0.05    1.0
174  0  0  0  0     175  0  0  0  0      0.1   0.85  0.05    1.0
183  0  0  0  0     184  0  0  0  0      0.1   0.77  0.05    1.0
196  0  0  0  0     197  0  0  0  0      0.1   0.81  0.05    1.0
202  0  0  0  0     203  0  0  0  0      0.1   0.83  0.05    1.0
210  0  0  0  0     211  0  0  0  0      0.1   0.86  0.05    1.0
219  0  0  0  0     220  0  0  0  0      0.1   0.92  0.05    1.0
225  0  0  0  0     226  0  0  0  0      0.1   0.80  0.05    1.0
244  0  0  0  0     245  0  0  0  0      0.1   0.91  0.05    1.0
260  0  0  0  0     261  0  0  0  0      0.1   0.89  0.05    1.0
273  0  0  0  0     274  0  0  0  0      0.1   0.90  0.05    1.0
279  0  0  0  0     280  0  0  0  0      0.1   0.89  0.05    1.0
296  0  0  0  0     297  0  0  0  0      0.1   0.91  0.05    1.0
309  0  0  0  0     310  0  0  0  0      0.1   0.89  0.05    1.0
321  0  0  0  0     322  0  0  0  0      0.1   0.90  0.05    1.0
339  0  0  0  0     340  0  0  0  0      0.1   0.91  0.05    1.0
356  0  0  0  0     357  0  0  0  0      0.1   0.92  0.05    1.0
365  0  0  0  0     366  0  0  0  0      0.1   0.83  0.05    1.0
376  0  0  0  0     377  0  0  0  0      0.1   0.78  0.05    1.0
381  0  0  0  0     382  0  0  0  0      0.1   0.86  0.05    1.0
389  0  0  0  0     390  0  0  0  0      0.1   0.73  0.05    1.0
398  0  0  0  0     399  0  0  0  0      0.1   0.47  0.05    1.0
403  0  0  0  0     404  0  0  0  0      0.1   0.85  0.05    1.0
411  0  0  0  0     412  0  0  0  0      0.1   0.86  0.05    1.0
432  0  0  0  0     433  0  0  0  0      0.1   0.86  0.05    1.0
441  0  0  0  0     442  0  0  0  0      0.1   0.82  0.05    1.0
459  0  0  0  0     460  0  0  0  0      0.1   0.86  0.05    1.0
468  0  0  0  0     469  0  0  0  0      0.1   0.74  0.05    1.0
477  0  0  0  0     478  0  0  0  0      0.1   0.67  0.05    1.0
483  0  0  0  0     484  0  0  0  0      0.1   0.82  0.05    1.0
492  0  0  0  0     493  0  0  0  0      0.1   0.89  0.05    1.0
505  0  0  0  0     506  0  0  0  0      0.1   0.86  0.05    1.0
514  0  0  0  0     515  0  0  0  0      0.1   0.88  0.05    1.0
531  0  0  0  0     532  0  0  0  0      0.1   0.84  0.05    1.0
540  0  0  0  0     541  0  0  0  0      0.1   0.90  0.05    1.0
548  0  0  0  0     549  0  0  0  0      0.1   0.83  0.05    1.0
557  0  0  0  0     558  0  0  0  0      0.1   0.85  0.05    1.0
END

